20090821,AFL,40.56,42.2,40.3,41.87,58637
20090824,AFL,42.2,42.63,40.93,41.2,32212
20090825,AFL,41.41,42.06,41.23,41.75,39874
20090826,AFL,41.75,41.99,40.9,41.39,37318
20090827,AFL,41.02,41.32,40.18,41,36624
20090828,AFL,41.38,41.49,40.45,40.7,32167
20090831,AFL,40.01,40.71,39.97,40.62,35380
20090901,AFL,40.37,40.6937,38.05,38.15,66441
20090902,AFL,37.99,39.41,37.74,38.7,41430
20090903,AFL,39.09,39.3,37.9,38.86,37386
20090904,AFL,38.76,39.07,37.82,38.2,42611
20090909,AFL,38.91,40.25,38.83,39.91,41137
20090910,AFL,39.86,40.84,38.68,40.28,32188
20090911,AFL,40.46,41.05,39.76,40.86,37078
20090914,AFL,40.57,41.82,39.94,41.76,34262
20090915,AFL,41.76,41.93,41.04,41.61,36065
20090916,AFL,41.33,43.39,41.28,43.02,51892
20090917,AFL,42.9,44.07,42.37,42.7,44203
20090918,AFL,42.75,43.3092,42.5,42.75,41853
20090921,AFL,42.06,42.64,41.78,42.28,35189
20090922,AFL,42.59,43.04,42.55,42.79,28762
20090923,AFL,42.75,43.35,41.92,41.92,32844
20090924,AFL,42.09,42.62,41,41.2,37024
20090925,AFL,41,41.85,40.47,40.69,29691
20090928,AFL,40.78,42.56,40.67,42.46,32073
20090929,AFL,42.51,43.83,42.3,42.83,58585
20090930,AFL,42.88,43.4,42.02,42.74,45719
20091001,AFL,42.44,42.75,40.55,40.71,54481
20091002,AFL,40.08,41.52,39.82,41.1,40434
20091005,AFL,41.22,41.72,41.01,41.57,41062
20091006,AFL,42.38,43.72,42.21,43.02,39041
20091007,AFL,42.93,43.39,42.52,43.18,29537
20091008,AFL,43.48,44.49,43.45,43.7,37320
20091009,AFL,43.33,45.05,43.33,45.01,38861
20091012,AFL,45.31,45.92,45,45.71,37925
20091013,AFL,45.54,45.67,44.8,45.15,44373
20091014,AFL,45.69,46.18,45.39,45.91,39289
20091015,AFL,45.46,45.82,45.26,45.59,33139
20091016,AFL,44.8,45.59,44.4308,45.2,40081
20091019,AFL,45.44,46.62,45.38,46.2,34442
20091020,AFL,46.1,46.19,45.47,45.72,38334
20091021,AFL,45.7,46.41,44.75,44.82,32600
20091022,AFL,44.79,45.77,44.31,45.68,33840
20091023,AFL,45.67,45.81,44.22,44.41,31946
20091026,AFL,44.36,44.74,42.56,42.88,37803
20091027,AFL,43.02,43.6,42.16,42.31,44217
20091028,AFL,42.05,42.52,40.49,40.58,66718
20091105,AFL,41.95,42.7,41.34,42.57,44654
20091106,AFL,41.76,42.52,41.39,42.19,28324
20091109,AFL,42.87,43.98,42.66,43.93,37517
20091110,AFL,43.49,44.23,43.29,44,31947
20091111,AFL,44.38,45.03,44.23,44.94,37332
20091112,AFL,44.84,44.87,43.98,44.09,37658
20091113,AFL,44.15,45.14,44.15,44.64,28117
20091116,AFL,44.93,45.72,44.88,45.37,28963
20091117,AFL,45.28,45.37,44.64,45.24,24954
20091118,AFL,45.1,45.37,44.49,44.94,25660
20091119,AFL,44.63,44.7,43.23,43.84,42702
20091120,AFL,44.61,45.1,43.97,44.1,47537
20091123,AFL,44.9,45.23,44.64,44.88,35425
20091124,AFL,44.7,44.88,44.07,44.52,33850
20091125,AFL,44.83,45.55,44.62,45.43,24050
20091127,AFL,44.19,44.41,43.51,43.65,22165
20091130,AFL,44.87,46.19,44.7,46.03,60361
20091201,AFL,46.03,47.05,45.72,46.4,48426
20091202,AFL,46.52,47.07,45.88,46.73,31925
20091203,AFL,46.99,47.4,45.34,45.44,44404
20091204,AFL,46.22,46.68,45,45.83,44778
20091207,AFL,45.96,46.57,45.53,45.73,30595
20091208,AFL,45.93,46.43,45.59,45.82,34527
20091209,AFL,46.01,46.06,45.01,45.68,32634
20091210,AFL,46.09,46.8,45.86,46.43,40080
20091211,AFL,46.51,46.65,45.97,46.55,25655
20091214,AFL,46.83,47.18,46.6,47.14,30535
20091215,AFL,46.96,47.52,46.63,46.75,32273
20091216,AFL,47.15,47.75,47.01,47.06,35022
20091217,AFL,46.86,46.98,46.05,46.06,27634
20091218,AFL,46.37,46.42,45.54,46.16,37512
20091221,AFL,46.36,46.76,46.08,46.18,23103
20091222,AFL,46.45,46.71,45.97,46.33,24942
20091223,AFL,46.6,46.74,46.26,46.6,14290
20091224,AFL,46.77,47,46.38,46.79,6322
20091228,AFL,46.89,47.25,46.61,46.8,15166
20091229,AFL,47,47.28,46.86,46.95,12226
20091230,AFL,46.88,46.97,46.58,46.88,11626
20091231,AFL,47.01,47.15,46.24,46.25,14462
20100104,AFL,46.5,47.7,46.5,47.57,23619
20100105,AFL,47.49,49.08,47.06,48.95,39652
20100106,AFL,49.46,49.83,48.72,49.38,29257
20100107,AFL,49.41,50,49,49.91,27678
20100108,AFL,49.66,49.66,48.75,49.41,21966
20100111,AFL,49.87,50.78,49.71,50.71,28496
20100112,AFL,51.39,51.72,50.27,50.45,38487
20100113,AFL,50.62,51.12,50.4301,51,25521
20100114,AFL,51.16,51.79,50.68,51.67,22668
20100115,AFL,51.55,51.73,50.67,51.11,29748
20100119,AFL,51.3,52.16,50.94,52.1,32637
20100120,AFL,51.78,51.78,50.75,51.15,26527
20100121,AFL,51.49,51.54,50.1,50.47,40621
20100122,AFL,50.29,50.62,49,49.1,41879
