20090821,BK,29.05,29.21,28.59,29.12,104719
20090824,BK,29.23,29.78,29.1,29.19,96217
20090825,BK,29.16,29.67,28.93,29.39,85207
20090826,BK,29.01,29.32,28.43,28.82,78081
20090827,BK,29.09,29.45,28.65,29.36,86154
20090828,BK,29.48,29.5,28.85,28.93,64918
20090831,BK,28.8,29.61,28.5,29.61,102751
20090901,BK,29.45,29.45,27.95,28.1,140972
20090902,BK,27.99,28.3,27.88,27.95,72641
20090903,BK,28.05,28.42,27.78,28.15,67924
20090904,BK,28.32,28.44,27.8,28.09,69234
20090909,BK,28.51,29.17,28.36,29.12,79324
20090910,BK,28.91,29.21,28.6,29.21,79261
20090911,BK,29.17,29.48,28.64,28.67,95920
20090914,BK,28.29,29.17,27.95,29.02,147657
20090915,BK,29.01,29.36,28.64,28.83,113037
20090916,BK,29.01,30.81,28.71,30.72,199835
20090917,BK,30.87,31.57,30.71,30.74,161491
20090918,BK,30.84,30.95,30.11,30.3,123453
20090921,BK,29.62,29.82,29.4,29.63,104410
20090922,BK,29.93,30,29.5,29.91,89605
20090923,BK,29.83,30.27,29.55,29.55,81051
20090924,BK,29.7,29.94,29.13,29.34,112311
20090925,BK,29.24,29.37,28.77,29.07,87962
20090928,BK,29.13,29.99,28.99,29.96,62774
20090929,BK,29.8,29.96,29.21,29.33,86733
20090930,BK,29.43,29.5,28.66,28.99,104621
20091001,BK,28.82,28.89,27.86,27.9,124849
20091002,BK,27.41,28.31,27.41,27.6,101372
20091005,BK,27.88,27.88,27.3,27.7,122340
20091006,BK,27.92,28.27,27.78,28.17,107286
20091007,BK,28.17,28.61,28,28.5,93423
20091008,BK,28.64,28.9,28.15,28.47,128954
20091009,BK,28.32,28.72,28.27,28.68,80558
20091012,BK,28.92,28.92,28.39,28.63,56857
20091013,BK,28.43,28.59,27.61,27.74,126317
20091014,BK,28.17,28.24,27.27,28.18,205045
20091015,BK,27.98,28.35,27.74,28.13,116181
20091016,BK,27.8,27.95,27.19,27.24,119182
20091019,BK,27.39,27.43,26.95,27.23,114988
20091020,BK,28.8,29.56,28.25,28.9,222147
20091021,BK,28.76,28.9,28.05,28.06,162089
20091022,BK,28.58,29.4,28.28,29.25,168556
20091023,BK,29.25,29.94,29.05,29.67,164785
20091026,BK,29.64,29.7,28.38,28.49,147052
20091027,BK,28.54,28.73,27.525,27.76,131835
20091028,BK,27.61,28.09,27.26,27.27,135764
20091105,BK,26.19,26.78,26.03,26.73,113442
20091106,BK,26.31,27,26.2,26.9,104685
20091109,BK,27.26,27.45,26.98,27.45,75121
20091110,BK,27.34,27.43,26.745,26.88,73387
20091111,BK,27.14,27.64,27.14,27.52,80370
20091112,BK,27.46,28.13,27.25,27.3,114792
20091113,BK,27.41,27.63,27.1,27.45,74397
20091116,BK,27.81,27.84,26.94,27.15,128974
20091117,BK,27,27.2,26.86,26.93,85039
20091118,BK,26.97,27.02,26.7,26.76,128072
20091119,BK,26.5,26.76,26.25,26.28,137145
20091120,BK,26.14,26.66,26.01,26.19,89032
20091123,BK,26.54,26.83,26.35,26.8,71262
20091124,BK,26.79,26.83,26.29,26.45,67794
20091125,BK,26.45,26.76,26.45,26.62,57463
20091127,BK,26,26.8,25.9,26.3,60273
20091130,BK,26.23,26.67,26.17,26.64,78986
20091201,BK,26.74,26.99,26.4,26.95,155767
20091202,BK,26.83,27.42,26.78,27.36,100310
20091203,BK,27.23,27.72,26.69,26.75,127449
20091204,BK,27.35,27.46,26.56,26.93,134682
20091207,BK,26.92,27.17,26.69,26.81,102144
20091208,BK,26.75,27.13,26.65,26.91,96244
20091209,BK,27,27.29,26.8,27.14,83516
20091210,BK,27.43,27.71,27,27.12,69075
20091211,BK,27.14,27.31,26.71,26.94,113120
20091214,BK,27.06,27.18,26.79,27.04,59131
20091215,BK,26.96,26.96,26.57,26.61,114906
20091216,BK,26.81,27.06,26.65,26.86,76539
20091217,BK,26.62,26.9,26.51,26.59,70120
20091218,BK,26.72,26.87,26.5,26.77,104834
20091221,BK,26.88,27.26,26.76,27.22,66825
20091222,BK,27.19,27.61,26.94,27.52,53484
20091223,BK,27.45,27.72,27.34,27.65,53595
20091224,BK,27.49,27.76,27.49,27.76,15717
20091228,BK,27.77,27.77,27.48,27.66,44232
20091229,BK,27.61,27.8,27.57,27.63,41456
20091230,BK,27.41,28.08,27.3,28.02,46447
20091231,BK,27.99,28.19,27.93,27.97,37687
20100104,BK,28.19,28.44,27.93,28.29,61276
20100105,BK,27.95,28.64,27.75,28.59,71892
20100106,BK,28.48,28.51,28.09,28.16,72532
20100107,BK,28.08,29.49,27.91,29.35,110519
20100108,BK,29.28,29.55,28.98,29.53,71444
20100111,BK,29.65,29.68,28.79,29.02,93649
20100112,BK,28.87,29.32,28.79,29.07,89326
20100113,BK,29.07,29.46,28.87,29.29,58723
20100114,BK,29.26,29.46,28.91,29.25,59434
20100115,BK,29.15,29.39,28.9,29.03,107845
20100119,BK,29.01,29.61,28.89,29.53,91101
20100120,BK,29.89,31.23,29.79,30.96,174668
20100121,BK,30.91,31.3,30.55,30.67,133301
20100122,BK,30.67,31.14,29.13,29.27,121682
